0 -0
1 -0
2 -0
3 -0
4 -0
5 -0
6 -0
7 -0
8 -0
9 -0
10 -0
11 8.6536e-13
12 5.5485e-13
13 -3.0624e-13
14 -1.1793e-12
15 -1.6224e-12
16 -1.3316e-12
17 -1.9005e-13
18 1.6825e-12
19 3.9053e-12
20 6.0063e-12
21 7.6623e-12
22 8.7911e-12
23 9.5232e-12
24 1.0109e-11
25 1.0755e-11
26 1.1514e-11
27 1.236e-11
28 1.3279e-11
29 1.4229e-11
30 1.5105e-11
31 1.5801e-11
32 1.6225e-11
33 1.6295e-11
34 1.5992e-11
35 1.5418e-11
36 1.4756e-11
37 1.4165e-11
38 1.3669e-11
39 1.3103e-11
40 1.225e-11
41 1.1064e-11
42 9.6906e-12
43 8.2653e-12
44 6.7923e-12
45 5.1932e-12
46 3.394e-12
47 1.3597e-12
48 -8.946e-13
49 -3.3468e-12
50 -6.0499e-12
51 -9.1127e-12
52 -1.2566e-11
53 -1.6285e-11
54 -2.0054e-11
55 -2.3699e-11
56 -2.7142e-11
57 -3.0369e-11
58 -3.3385e-11
59 -3.6192e-11
60 -3.8746e-11
61 -4.0981e-11
62 -4.2917e-11
63 -4.4666e-11
64 -4.6297e-11
65 -4.7784e-11
66 -4.9058e-11
67 -5.0026e-11
68 -5.06e-11
69 -5.0789e-11
70 -5.0685e-11
71 -5.0355e-11
72 -4.9785e-11
73 -4.8937e-11
74 -4.7823e-11
75 -4.6495e-11
76 -4.5002e-11
77 -4.3379e-11
78 -4.1689e-11
79 -4.0023e-11
80 -3.8453e-11
81 -3.7021e-11
82 -3.5748e-11
83 -3.4639e-11
84 -3.3661e-11
85 -3.2698e-11
86 -3.1611e-11
87 -3.0341e-11
88 -2.8922e-11
89 -2.7415e-11
90 -2.5878e-11
91 -2.4357e-11
92 -2.2903e-11
93 -2.1551e-11
94 -2.0311e-11
95 -1.9198e-11
96 -1.8212e-11
97 -1.7272e-11
98 -1.6258e-11
99 -1.5095e-11
100 -1.3799e-11
101 -1.2474e-11
102 -1.1224e-11
103 -1.0063e-11
104 -8.9523e-12
105 -7.8789e-12
106 -6.8048e-12
107 -5.6141e-12
108 -4.1735e-12
109 -2.4308e-12
110 -4.5301e-13
111 1.588e-12
112 3.4791e-12
113 5.0755e-12
114 6.3512e-12
115 7.35e-12
116 8.1404e-12
117 8.824e-12
118 9.5244e-12
119 1.0336e-11
120 1.1286e-11
121 1.2341e-11
122 1.3424e-11
123 1.4444e-11
124 1.5315e-11
125 1.5996e-11
126 1.6535e-11
127 1.7076e-11
128 1.7736e-11
129 1.8511e-11
130 1.9322e-11
131 2.011e-11
132 2.0803e-11
133 2.132e-11
134 2.1634e-11
135 2.1758e-11
136 2.1681e-11
137 2.1377e-11
138 2.0869e-11
139 2.021e-11
140 1.9411e-11
141 1.8457e-11
142 1.7402e-11
143 1.6378e-11
144 1.5486e-11
145 1.4757e-11
146 1.4169e-11
147 1.3593e-11
148 1.282e-11
149 1.1733e-11
150 1.039e-11
151 8.9529e-12
152 7.5857e-12
153 6.394e-12
154 5.4144e-12
155 4.6369e-12
156 4.0139e-12
157 3.4822e-12
158 2.9852e-12
159 2.4556e-12
160 1.8179e-12
161 1.0358e-12
162 1.3553e-13
163 -7.9922e-13
164 -1.6532e-12
165 -2.3195e-12
166 -2.7102e-12
167 -2.7887e-12
168 -2.6593e-12
169 -2.5475e-12
170 -2.6323e-12
171 -2.9562e-12
172 -3.4568e-12
173 -4.0022e-12
174 -4.4672e-12
175 -4.8281e-12
176 -5.1218e-12
177 -5.3267e-12
178 -5.3738e-12
179 -5.2756e-12
180 -5.1604e-12
181 -5.138e-12
182 -5.1922e-12
183 -5.2564e-12
184 -5.3217e-12
185 -5.4075e-12
186 -5.491e-12
187 -5.5256e-12
188 -5.4847e-12
189 -5.3755e-12
190 -5.245e-12
191 -5.1386e-12
192 -5.0298e-12
193 -4.8503e-12
194 -4.6013e-12
195 -4.3766e-12
196 -4.2562e-12
197 -4.2203e-12
198 -4.1887e-12
199 -4.0794e-12
200 -3.8106e-12
201 -3.3108e-12
202 -2.5749e-12
203 -1.6816e-12
204 -7.4175e-13
205 1.5407e-13
206 9.4135e-13
207 1.556e-12
208 1.9419e-12
209 2.1106e-12
210 2.1796e-12
211 2.3164e-12
212 2.6108e-12
213 3.0342e-12
214 3.5277e-12
215 4.0367e-12
216 4.5e-12
217 4.9099e-12
218 5.3308e-12
219 5.8156e-12
220 6.333e-12
221 6.7855e-12
222 7.0696e-12
223 7.0908e-12
224 6.7715e-12
225 6.1091e-12
226 5.2287e-12
227 4.3712e-12
228 3.7924e-12
229 3.6227e-12
230 3.8152e-12
231 4.2092e-12
232 4.6027e-12
233 4.8123e-12
234 4.7521e-12
235 4.467e-12
236 4.0826e-12
237 3.7453e-12
238 3.5629e-12
239 3.54e-12
240 3.5927e-12
241 3.632e-12
242 3.6291e-12
243 3.6225e-12
244 3.6607e-12
245 3.7491e-12
246 3.8395e-12
247 3.8048e-12
248 3.475e-12
249 2.7939e-12
250 1.8953e-12
251 9.7418e-13
252 1.3357e-13
253 -5.9859e-13
254 -1.1857e-12
255 -1.5987e-12
256 -1.8649e-12
257 -2.0513e-12
258 -2.2129e-12
259 -2.3364e-12
260 -2.3362e-12
261 -2.1725e-12
262 -1.9638e-12
263 -1.926e-12
264 -2.1988e-12
265 -2.7463e-12
266 -3.4111e-12
267 -4.0288e-12
268 -4.5033e-12
269 -4.8176e-12
270 -5.0022e-12
271 -5.1202e-12
272 -5.2649e-12
273 -5.4818e-12
274 -5.6909e-12
275 -5.7684e-12
276 -5.692e-12
277 -5.5303e-12
278 -5.3482e-12
279 -5.1792e-12
280 -5.017e-12
281 -4.8267e-12
282 -4.5882e-12
283 -4.3057e-12
284 -4.0009e-12
285 -3.7036e-12
286 -3.4271e-12
287 -3.1847e-12
288 -3.0076e-12
289 -2.8994e-12
290 -2.8257e-12
291 -2.77e-12
292 -2.7288e-12
293 -2.6413e-12
294 -2.4114e-12
295 -2.0227e-12
296 -1.5591e-12
297 -1.1062e-12
298 -6.764e-13
299 -2.3602e-13
300 2.2585e-13
